%%%%%%%%%%%%%%%%%%%%%%%%%%%%%%%%%%%%%%%%%%%%%%%%%%%%%%%%%%%%%%%
\documentclass[11pt]{article}

\usepackage[margin=1in]{geometry} 
\usepackage{amsmath,amsthm,amssymb}
\usepackage{color}
\usepackage{enumerate}
\usepackage{graphicx}
\usepackage{float}
\usepackage{subcaption}
\usepackage[section]{placeins}

\newenvironment{EX}[2][Exercise]{\begin{trivlist}
\item[{\color{red} \hskip \labelsep {\bfseries #1}\hskip \labelsep {\bfseries #2.}}]}{\end{trivlist}}

\newenvironment{SL}[1][Solution]{\begin{trivlist}
\item[{\color{blue} \hskip \labelsep {\bfseries #1:}}]}{\end{trivlist}}

\captionsetup[subfigure]{labelformat=empty}

\begin{document}

% --------------------------------------------------------------
% Start here
% --------------------------------------------------------------

\noindent 344066 (Joaquim Filipe Lobo de Sousa) \hfill {\Large \bfseries CK0146: Exercise 03b (2017.1)} \\

\begin{EX}{Q.1 (The Gaussian distribution)} \
\end{EX}

\begin{SL}
Given the data \(X = \{x_1, x_2,..., x_N\}\) in the file \verb|gaussian_wxyz_data_2017_1.txt| where \(N=250\) and \(x_n \in R^D\) with \(D=4\) we can start the estimation of the parameters.

\begin{itemize}

\item Scatterplot of the \(N\) observations, for all \((D\times D)\) pais of variables: \\
With each data point \(x\) with the variables \((x_0, x_1, x_2, x_3)\), we have:
\begin{figure}[!htbp]
\begin{subfigure}{.5\textwidth}
  \centering
  \includegraphics[width=.8\linewidth]{scatterx0x0}
  \caption{\((x_0, x_0)\)}
\end{subfigure}%
\begin{subfigure}{.5\textwidth}
  \centering
  \includegraphics[width=.8\linewidth]{scatterx0x1}
  \caption{\((x_0, x_1)\)}
\end{subfigure}
\begin{subfigure}{.5\textwidth}
  \centering
  \includegraphics[width=.8\linewidth]{scatterx0x2}
  \caption{\((x_0, x_2)\)}
\end{subfigure}%
\begin{subfigure}{.5\textwidth}
  \centering
  \includegraphics[width=.8\linewidth]{scatterx0x3}
  \caption{\((x_0, x_3)\)}
\end{subfigure}
\caption{Plots \((x_0, ...)\)}
\end{figure}
\\
\\
\\
\\
\\
\\
\\
\\
\begin{figure}[!htbp]
\begin{subfigure}{.5\textwidth}
  \centering
  \includegraphics[width=.8\linewidth]{scatterx1x0}
  \caption{\((x_1, x_0)\)}
\end{subfigure}%
\begin{subfigure}{.5\textwidth}
  \centering
  \includegraphics[width=.8\linewidth]{scatterx1x1}
  \caption{\((x_1, x_1)\)}
\end{subfigure}
\begin{subfigure}{.5\textwidth}
  \centering
  \includegraphics[width=.8\linewidth]{scatterx1x2}
  \caption{\((x_1, x_2)\)}
\end{subfigure}%
\begin{subfigure}{.5\textwidth}
  \centering
  \includegraphics[width=.8\linewidth]{scatterx1x3}
  \caption{\((x_1, x_3)\)}
\end{subfigure}
\caption{Plots \((x_1, ...)\)}
\end{figure}
\\
\begin{figure}[!htbp]
\begin{subfigure}{.5\textwidth}
  \centering
  \includegraphics[width=.8\linewidth]{scatterx2x0}
  \caption{\((x_2, x_0)\)}
\end{subfigure}%
\begin{subfigure}{.5\textwidth}
  \centering
  \includegraphics[width=.8\linewidth]{scatterx2x1}
  \caption{\((x_2, x_1)\)}
\end{subfigure}
\begin{subfigure}{.5\textwidth}
  \centering
  \includegraphics[width=.8\linewidth]{scatterx2x2}
  \caption{\((x_2, x_2)\)}
\end{subfigure}%
\begin{subfigure}{.5\textwidth}
  \centering
  \includegraphics[width=.8\linewidth]{scatterx2x3}
  \caption{\((x_2, x_3)\)}
\end{subfigure}
\caption{Plots \((x_2, ...)\)}
\end{figure}
\\
\begin{figure}[!htbp]
\begin{subfigure}{.5\textwidth}
  \centering
  \includegraphics[width=.8\linewidth]{scatterx3x0}
  \caption{\((x_3, x_0)\)}
\end{subfigure}%
\begin{subfigure}{.5\textwidth}
  \centering
  \includegraphics[width=.8\linewidth]{scatterx3x1}
  \caption{\((x_3, x_1)\)}
\end{subfigure}
\begin{subfigure}{.5\textwidth}
  \centering
  \includegraphics[width=.8\linewidth]{scatterx3x2}
  \caption{\((x_3, x_2)\)}
\end{subfigure}%
\begin{subfigure}{.5\textwidth}
  \centering
  \includegraphics[width=.8\linewidth]{scatterx3x3}
  \caption{\((x_3, x_3)\)}
\end{subfigure}
\caption{Plots \((x_3, ...)\)}
\end{figure}

\item Estimation of the parameters of the distribution by maximum likelihood: \\
\[\mu_{ML}=\frac{1}{N}\sum_{n=1}^{N}x_n\]
\[\Sigma_{ML}=\frac{1}{N}\sum_{n=1}^{N}(x_n - \mu_{ML})(x_n - \mu_{ML})^{T}\]
\[\Lambda_{ML} = \Sigma_{ML}^{-1}\]
Calculating using the maximum likelihood equations above and substituting the data we have, we end up with the estimations below: \\
\[\mu_{ML}= (0.77074788,  0.02057762,  0.79679207,  0.03159737)\]
\[\Sigma_{ML}=
\begin{bmatrix}
0.96597745 & 0.4558788 & 0.92667573 & 0.28461952 \\
0.4558788 & 1.53921139 & 0.97418432 & 0.79289335 \\
0.92667573 & 0.97418432 & 1.86702366 & 0.88659381\\
0.28461952 & 0.79289335 & 0.88659381 & 0.74884664
\end{bmatrix}
\]
\[\Lambda_{ML}=
\begin{bmatrix}
2.44784462 & -0.45211838 & -1.74647769 & 1.61607672 \\
-0.45211838 & 1.5158764 & 0.26046527 & -1.74157622 \\
-1.74647769 & 0.26046527 & 2.4722367 & -2.53898356 \\
1.61607672 & -1.74157622 & -2.53898356 & 5.57118659
\end{bmatrix}
\]

\item Calculating the (estimated) mean vector \(\mu_{a|b}\), covariance matrix \(\Sigma_{a|b}\) and precision matrix \(\Lambda_{a|b}\) of the Gaussian distribution \(p(x_a|x_b)\): \\
Using the ML estimates \(\mu_{ML}\) and \(\Sigma_{ML}\), and partitioning them using the corresponding M value we estimate the conditional parameters using these equations: \\
\[\mu_{a|b}=\mu_{a}+\Sigma_{ab}\Sigma_{bb}^{-1}(x_b-\mu_b)\]
\[\Sigma_{a|b}=\Sigma_{aa}-\Sigma_{ab}\Sigma_{bb}^{-1}\Sigma_{ba}\]
\[\Lambda_{a|b} = \Sigma_{a|b}^{-1}\]
\begin{itemize}
\item \(M = 2\) and \(x_b = (0, 0)\): \\
\[\mu_{a|b}=(0.2108556, -0.04580653)\]
\[\Sigma_{a|b}=
\begin{bmatrix}
0.43233936 & 0.12894757 \\
0.12894757 & 0.69814371
\end{bmatrix}
\]
\[\Lambda_{a|b}=
\begin{bmatrix}
2.44784462 & -0.45211838 \\
-0.45211838 & 1.5158764
\end{bmatrix}
\]
\item \(M = 1\) and \(x_b = (0, 0, 0)\): \\
\[\mu_{a|b}=(0.2193161)\]
\[\Sigma_{a|b}=
\begin{bmatrix}
0.40852266
\end{bmatrix}
\]
\[\Lambda_{a|b}=
\begin{bmatrix}
2.44784462
\end{bmatrix}
\]
\end{itemize}

\item Plot of the two resulting conditional Gaussian distributions:

\end{itemize}
\end{SL}

% --------------------------------------------------------------
% Next exercise
% --------------------------------------------------------------

\begin{EX}{Q.2 (Density estimation)} \
\end{EX}

\begin{SL} Given the data \(X=\{x_1,x_2,...,x_N\}\) from the \verb|unknown_xy_data_2017_1.txt| file, in which the observations \(x_n \in R^{D}\) (with \(D=2\) and \(N=2000\)) drawn independently from an unknown distribution \(p(x)\), we estimate this distribution using the two ways below:

\begin{itemize}

\item Mixture of K Gaussians: \\
The distribution of the data was calculated using existing code, with the number of gaussian components \(K=6\). Each sample point was scored with numbers like:
\[[17.7773425, 17.0558834, 16.34912599, ..., 15.72931097, 16.40487206, 17.09428617]\]
and from these scores we could plot the estimated distribution:
\begin{figure}[!htbp]
\begin{subfigure}{.5\textwidth}
  \centering
  \includegraphics[width=.8\linewidth]{3dgmm}
  \caption{Surface Plot of the GMM}
\end{subfigure}%
\begin{subfigure}{.5\textwidth}
  \centering
  \includegraphics[width=.8\linewidth]{contourgmm}
  \caption{Contour Plot of the GMM}
\end{subfigure}
\caption{GMM Plots}
\end{figure}

\item k-NN with \(k = \{1,2,4,8,16,32,64\}\): \\
Now we estimate the distribution by using the K-nearest neighbours algorithm:
\[p(x)=\frac{K}{NV}\]
in which the K number of neighbours is set and we must calculate the value of V by the K neighbours of each sample point. The density value of each point is then calculated based on the K number we set. These are the example density vectors estimated for each value of k:
\[k=1\longrightarrow p(x)=[\infty, \infty, \infty, ..., \infty, \infty, \infty]\]
\[k=2\longrightarrow p(x)=[ 5761.8877097, 6764.7256258, 6764.7256258, ..., 24.16629524, 27.34105386, 9.34656773]\]
\[k=4\longrightarrow p(x)=[1993.82327, 5833.04869, 6087.80038, ..., 3.52574402, 18.9684081, 15.0008243]\]
\[k=8\longrightarrow p(x)=[1217.49871411, 1855.87920745, 3261.38486361, ..., 4.04772016, 5.70589527, 14.54484473]\]
\[k=16\longrightarrow p(x)=[343.36156799, 408.6070711, 466.51124104, ..., 4.77306504, 5.43631907, 10.69144548]\]
\[k=32\longrightarrow p(x)=[172.4824654, 188.14343722, 199.3883984, ..., 5.24802628, 4.58537745, 9.06385326]\]
\[k=64\longrightarrow p(x)=[86.49788863, 90.07974459, 93.17963942, ..., 7.25101653, 4.32436574, 10.92568805]\]

The k-NN fitting of the distribution produces the following distribution plots:

\begin{figure}[!htbp]
\begin{subfigure}{.5\textwidth}
  \centering
  \includegraphics[width=.8\linewidth]{1kde}
  \caption{k-NN with \(k=1\)}
\end{subfigure}%
\begin{subfigure}{.5\textwidth}
  \centering
  \includegraphics[width=.8\linewidth]{2kde}
  \caption{k-NN with \(k=2\)}
\end{subfigure}
\begin{subfigure}{.5\textwidth}
  \centering
  \includegraphics[width=.8\linewidth]{4kde}
  \caption{k-NN with \(k=4\)}
\end{subfigure}%
\begin{subfigure}{.5\textwidth}
  \centering
  \includegraphics[width=.8\linewidth]{8kde}
  \caption{k-NN with \(k=8\)}
\end{subfigure}
\begin{subfigure}{.5\textwidth}
  \centering
  \includegraphics[width=.8\linewidth]{16kde}
  \caption{k-NN with \(k=16\)}
\end{subfigure}%
\begin{subfigure}{.5\textwidth}
  \centering
  \includegraphics[width=.8\linewidth]{32kde}
  \caption{k-NN with \(k=32\)}
\end{subfigure}
\end{figure}
\begin{figure}
\begin{subfigure}{.5\textwidth}
  \centering
  \includegraphics[width=.8\linewidth]{64kde}
  \caption{k-NN with \(k=64\)}
\end{subfigure}
\end{figure}

\end{itemize}
\end{SL}

% --------------------------------------------------------------
% Stop here
% --------------------------------------------------------------

\end{document}